.Random.seed <-
c(403L, 10L, 961615570L, -187412636L, -794348889L, -1746052099L, 
-1342026252L, 1649937114L, -503116763L, -107372225L, 789059270L, 
-878642352L, 1859822451L, -1628678767L, 1237186496L, 1644904862L, 
-484824215L, 1504845723L, -781637974L, -1880043316L, -1330654833L, 
-329898555L, 1881532796L, -844391982L, -290224819L, -1827727353L, 
-1350453266L, 1900330696L, 2146513355L, 631620649L, 1988571768L, 
1901477798L, 1083472321L, 1171918419L, -80739070L, 826532916L, 
1744975287L, 246520237L, -578766140L, -2021761302L, 1271148885L, 
1445373679L, -426994442L, 1184146464L, 865097187L, -514865535L, 
755069168L, -787714162L, 2037375225L, 1742539403L, -332789062L, 
-1977424452L, -1287663873L, 1602830933L, -1608223380L, -393773630L, 
1696235037L, 376702615L, 714018814L, 1927789496L, -1087080549L, 
-153403911L, 452558152L, -37767050L, 2069169585L, 1891830755L, 
-924034894L, -260082428L, 215930439L, 229867805L, 1771835284L, 
908030778L, -1434599547L, 912641119L, 1111918310L, 1588931952L, 
1403917971L, -317255887L, 339891680L, -21794178L, 581533961L, 
-1766399173L, -520250614L, -944655636L, -1717407889L, 2090578085L, 
813070940L, 1359362610L, -1531678419L, 473790439L, -155754738L, 
633082088L, -1603173653L, 1539853193L, -173492456L, 605108806L, 
-447825247L, 991378739L, -1375673182L, -299365484L, -160189929L, 
-139315699L, 1159729956L, -2005389558L, -1529421195L, -711204401L, 
511584982L, 1285721728L, -741181L, 1030090337L, 1172825808L, 
548429870L, -781335079L, 1566956011L, -118207398L, 569726492L, 
637359903L, 1714596725L, 1291579916L, -145521694L, 473026749L, 
319504183L, -607819810L, 59307288L, -315320197L, -356540903L, 
1154905768L, -1336486826L, 216789201L, -1158443901L, -566268142L, 
85473956L, 1264469607L, 454186941L, -915994316L, 1077373594L, 
-2120374043L, 1508252287L, -13270010L, -1887152240L, 633281075L, 
-424930863L, 110138240L, -1102360994L, 426161577L, 840258651L, 
417688682L, -1145211636L, -1208871089L, 422511621L, 156039868L, 
1896516498L, 1017399437L, -33141049L, 1910441902L, 1055986184L, 
78157323L, -1362075927L, 1594866104L, -1683982746L, -2104159487L, 
-1768745581L, -1512182206L, 57184756L, -2037453833L, -1705521171L, 
267597956L, -1288266070L, 598873109L, -1040989009L, -974746954L, 
609945824L, 1705686051L, -240915647L, 1121154608L, -1632369586L, 
1084001465L, -348141365L, -299608710L, 1121740924L, -1604993857L, 
385251733L, 1810518444L, -1869388926L, 1772128605L, 276039767L, 
-1312702658L, 908535672L, -1619162021L, -704119879L, 150145544L, 
-144895818L, 405719025L, 187372067L, 366172786L, -2141560636L, 
-475896185L, -1244602787L, -1186234284L, 2060116602L, -621921851L, 
537103135L, -427481434L, 1732032560L, 1949313747L, -809205519L, 
1616014368L, -1214186818L, -2032726327L, 1277398139L, 1764598346L, 
-1316268372L, -483257937L, -2113521307L, 500999964L, 345844594L, 
-1538668563L, 1922033703L, -30281650L, 619967656L, -1438057813L, 
1759973321L, 895411160L, -66092410L, -847309983L, -1904306445L, 
1667811682L, -650922028L, 1757987543L, -676280016L, -83493724L, 
1298281144L, -1398961318L, 1302097296L, 553574780L, 1044618516L, 
-1074566846L, -299023616L, -572736580L, -429528240L, -1642077918L, 
-927822520L, 265402380L, 1787484252L, 284808402L, 1580001280L, 
-2044761260L, 1957728744L, -666138630L, -1239791920L, -426044116L, 
767359220L, -669304942L, 1671474272L, 170290444L, -2142173472L, 
779423074L, -163937624L, 911698508L, -624662660L, 1486564146L, 
55144048L, 490855748L, -1524093992L, 1608827002L, 339203632L, 
-998024516L, -1645848748L, 1060338242L, 552033184L, 1763981500L, 
-1369067056L, -1873394334L, -720509976L, -1729812532L, -254056708L, 
1267109874L, 1168686208L, -1377548044L, 1947866248L, 1022899514L, 
628130640L, -991515540L, -272994156L, 1481984338L, -486973728L, 
1731502284L, 1809389728L, -611559038L, -1604224792L, -198711060L, 
-638064580L, 2076139634L, 1045260400L, -165289436L, -763248072L, 
882440730L, -2004655920L, 923469372L, 791415956L, 1244513410L, 
-1380882496L, 1294138684L, -1126756720L, -1436228574L, -929247224L, 
-54485876L, -213151716L, -1185696622L, 1849093248L, -2020948972L, 
722076456L, 1258771514L, -845091632L, 1697404012L, 1716512436L, 
1036447762L, 737656800L, 1334848460L, 115940832L, 1936776226L, 
1066411304L, 1448122636L, 1264750140L, 1008792818L, 295962864L, 
-1150367932L, 26447960L, -980614598L, -1169016592L, -312405316L, 
1188100628L, -1483297598L, -907295136L, 46093692L, 149746896L, 
1235944482L, -1456035672L, 1352043916L, 1052438972L, 1376819250L, 
921322304L, 1162825396L, -2011455160L, 618218170L, -294912240L, 
-807018260L, -1793431468L, 681961234L, 1189880224L, 1020446668L, 
916414304L, -1954546494L, -214856152L, -1258317396L, -1218419908L, 
-1811106958L, 530689840L, 2809892L, -1962439112L, 2060374746L, 
1168881552L, 822097148L, 252894612L, 1536668482L, 1172613632L, 
-290789316L, -1923050928L, -379940702L, -1846303928L, -1766900L, 
-164046116L, 1048711250L, -965530496L, -418125996L, 1231753192L, 
612729594L, -2127804592L, 2000364588L, -824665740L, -1472131438L, 
-1653579168L, 1824002188L, -2118413984L, -857040670L, -1389548376L, 
-1042602292L, 320838140L, -238167118L, 1498866672L, 2078429636L, 
210242904L, -1994874502L, -81022544L, -1884534340L, -960823724L, 
-1435313726L, 1589519136L, 552432572L, -110989232L, -468362270L, 
-2126676120L, -1526597812L, -1734832388L, -2048354574L, 659864832L, 
1733856372L, 375000584L, 282248634L, -137693744L, -1369753620L, 
-141882476L, 1654966482L, 1673323616L, 1673760076L, 1216467744L, 
-806077822L, -70843928L, -734086164L, -1862549956L, 298411634L, 
-146035856L, -2015355612L, 473037368L, -1036832358L, 607661520L, 
245712316L, 1397943956L, 1363419778L, 2081512896L, 27113276L, 
-2031078768L, -1491077342L, -302156280L, -817298676L, 1902330780L, 
1340218386L, -694424704L, -1021158636L, 250672424L, -492785606L, 
-1486830640L, 238778988L, 657067060L, 1792585874L, 1628535136L, 
1475009868L, 1869305312L, 1984977826L, -791323736L, -1727931252L, 
287732668L, -1268210574L, -323516432L, -1742887868L, -307001256L, 
-1319714361L, 1068364976L, 1451483854L, 776656891L, 1347231837L, 
-1230116982L, 1419372456L, 1158679825L, -65170429L, 1742626564L, 
-1886145742L, 842305927L, -1772922927L, -614999722L, 118347572L, 
-1448674747L, 693569167L, 956141576L, 1397175334L, 2076839123L, 
-1510126027L, 1271489938L, 627997024L, 61456585L, 1341248507L, 
-210250804L, -76124582L, -1326976177L, -1917023719L, -299292626L, 
-1282021828L, -1165534291L, 1592317015L, -279682656L, -382371074L, 
-2024629813L, 1428021197L, 111358714L, -156702408L, -903990559L, 
543528339L, -1421460044L, -1142767934L, 782372567L, -859185375L, 
1475245798L, -984510492L, -979050731L, 525883199L, 1313374936L, 
1056065270L, -1085738749L, 1576751685L, 793207394L, -2075737648L, 
-1094476039L, -2039014357L, -64562276L, 1015272394L, 1509403839L, 
-1143173623L, 2124826398L, -1553518900L, -1538347363L, 1093561127L, 
601965904L, -422581266L, -1457711973L, -1176584451L, -2069658134L, 
415618696L, -1823055823L, -450086237L, -720469340L, -459336878L, 
1248393895L, -1687656719L, 988939830L, -1821701420L, 1553669733L, 
1869048943L, 742201000L, 380523526L, -566574797L, -755933803L, 
-678129166L, 30170688L, -1457700951L, 617488923L, -1430463508L, 
1203608570L, -874457041L, 1658443833L, -59594162L, 1848994460L, 
-1481215987L, 1154608247L, 854568064L, 406047454L, 1476589995L, 
-1339362643L, 993290010L, 1346844632L, 1683043393L, -1398324493L, 
-568113900L, 738816162L, -413831753L, -1681268351L, -539781242L, 
101635524L, -1182046987L, 1879305567L, -917438536L, -1739844970L, 
-2081768285L, -919644571L, 1323758466L, -1454771984L, -671557479L, 
485732491L, -217376388L, 1616889770L, 179427295L, -75000471L, 
964692350L, -411911828L, 1668997565L, 1351086727L, -351271312L, 
-1674023666L, -600911301L, 1798142237L, -2131424310L, 1280722152L, 
-240568367L, 1924721091L, 1068790468L, -1989422734L, 584932423L, 
